name,kcal,carb(g),prot(g),fat(g),fibr(g),chol(mg),sodi(mg),pota(mg),calc(mg),vitA(iu),vitC(mg),iron(mg)
Pineapple,55,13.1,0.54,0.12,1.4,0.0,1.0,109.0,13.0,58.0,47.8,0.29
Pistachio,597,27.2,20.2,45.3,10.6,0.0,1.0,1025.0,105.0,516.0,5.6,3.92
Pear,63,15.2,0.36,0.14,3.1,0.0,1.0,116.0,9.0,25.0,4.3,0.18
Noah's Pudding,296,55.6,7.13,5.05,6.2,0.0,7.23,579.0,85.3,174.0,7.45,2.65
Avocado,174,8.53,2.0,14.7,6.7,0.0,7.0,485.0,12.0,146.0,10.0,0.55
Sunflower seeds,626,20.0,20.8,51.5,8.6,0.0,9.0,645.0,78.0,50.0,1.4,5.25
Ayran,36,2.71,1.98,2.0,0.0,12.0,312.0,0.0,62.0,0.0,0.0,0.0
Quince,58,13.9,0.35,0.14,3.23,0.0,2.0,200.0,10.0,6.0,13.0,0.6
Pumpkin,23,4.59,1.1,0.13,2.16,0.0,1.0,383.0,22.0,127.0,12.0,0.8
Beyti Kebab,193,11.0,9.65,12.3,0.799,35.0,269.0,217.0,45.4,56.8,2.03,1.11
Boza,70,15.6,0.64,0.6,0.102,0.0,1.18,7.17,4.66,0.0,0.0,0.084
Baklava,422,49.4,7.73,21.5,2.99,36.5,27.9,257.0,37.6,144.0,1.49,1.34
Baileys,282,20.0,15.6,15.6,0.0,0.0,0.0,0.0,0.0,0.0,0.0,0.0
Red Mullet,107,0.0,20.0,3.0,0.0,0.0,0.0,0.0,0.0,0.0,0.0,0.0
White Cabbage,23,4.16,1.37,0.2,2.96,0.0,12.0,208.0,46.0,12.0,45.8,0.5
Feta cheese,310,2.53,20.4,24.3,0.0,70.0,704.0,126.0,690.0,555.0,0.0,0.18
White Grape,67,15.6,0.7,0.3,0.8,0.0,2.0,190.0,18.0,4.0,4.0,0.5
Pickled Peppers,10,2.01,0.69,0.0,6.46,0.0,922.0,50.0,54.0,81.0,48.5,0.348
Beer,14,3.12,0.5,0.0,0.0,0.0,4.0,55.0,4.0,0.0,0.0,0.012
Dark chocolate,546,61.2,4.88,31.3,7.0,8.0,24.0,559.0,56.0,50.0,0.0,8.02
Blackberry,24,2.7,1.2,1.0,6.6,0.0,3.0,190.0,45.0,45.0,17.0,0.9
Broccoli,25,2.51,3.3,0.2,3.0,0.0,18.0,373.0,105.0,143.0,115.0,1.3
Brussels Sprouts,34,3.29,4.45,0.34,4.4,0.0,10.0,387.0,31.0,75.0,112.0,1.1
Bulgur Pilaf,114,18.2,2.78,3.39,2.98,0.0,5.8,242.0,20.7,222.0,49.8,1.41
Walnut,668,9.58,24.1,59.3,6.8,0.0,2.0,523.0,61.0,40.0,1.7,3.12
Baklava (Walnut),269,37.3,2.59,12.2,0.574,32.0,81.6,59.2,17.7,62.6,0.481,0.493
Strawberry,36,7.68,0.67,0.3,2.0,0.0,1.0,153.0,16.0,12.0,58.8,0.41
Peanut,610,16.1,25.8,49.2,8.5,0.0,18.0,705.0,92.0,0.0,0.0,4.58
Grapefruit,39,8.95,0.6,0.15,0.58,0.0,2.0,180.0,18.0,3.0,44.0,0.34
Boiled potato,67,15.0,1.9,0.0,1.2,0.0,3.0,340.0,0.0,1.0,14.9,0.9
Turkey Salami,219,3.5,17.5,15.0,0.0,0.0,0.0,0.0,0.0,0.0,0.0,0.0
Melon,31,6.58,1.11,0.1,0.9,0.0,9.0,182.0,11.0,0.0,21.8,0.34
Kiwi,64,14.7,0.14,0.52,3.0,0.0,3.0,312.0,34.0,62.0,92.1,0.31
Lemon,39,8.73,0.44,0.36,1.41,0.0,3.0,157.0,34.0,3.0,44.1,0.11
Pasta,153,30.6,5.8,0.93,1.8,0.0,131.0,44.0,7.0,0.0,0.0,0.5
Lettuce,12,1.7,0.9,0.2,1.3,0.0,8.0,280.0,36.0,260.0,24.0,1.1
Banana,98,22.8,1.09,0.33,2.6,0.0,1.0,358.0,5.0,64.0,8.7,0.26
Grape molasses,0,0.0,0.0,0.1,0.0,0.0,0.037,0.001,0.0,0.0,0.0,0.0
Orange,50,11.5,0.7,0.21,2.4,0.0,0.0,169.0,43.0,225.0,45.0,0.09
Filter Coffee,0,0.0,0.12,0.04,0.0,0.0,2.11,0.0,0.0,0.0,0.0,0.0
Purslane,18,1.77,2.64,0.12,1.59,0.0,41.0,414.0,155.0,1320.0,24.6,4.45
Rice Pilaf,164,27.3,2.44,5.09,0.488,14.0,192.0,37.1,7.01,38.2,0.012,0.224
Egg,138,0.72,12.6,9.51,0.0,372.0,142.0,138.0,56.0,540.0,0.0,1.75
